52.1888416131464 51.7919112300856
5.96909144773107 4.0610475199572
80.166138490711 84.9392968439295
49.6363578730156 54.7219163303367
37.6716599894408 31.3278340710549
58.3217038160186 55.6895779060477
70.0343922244657 69.3391405816347
86.1337645307624 85.5045480592777
36.1134466852176 33.5071678369227
19.9630769488495 16.3286788032748
94.6033146226572 92.8684696030551
36.1173003472913 39.4674445019292
4.97771215677266 4.99788378296371
14.920677644883 7.85799212832372
32.323434484967 25.7757219290385
51.2292740973869 48.8781669981537
91.8503709577029 93.7191298472905
42.8587797648684 44.066937221112
72.2837104899468 73.3598647949309
20.4770849142835 23.359748583096
17.3534340444059 14.2379310229103
51.6444548322002 48.8449906498218
19.7995075582929 16.6078580510075
22.3022433916967 19.7862891706679
73.630296870507 74.8462479311558
58.0908474412828 54.3387955185787
77.5452885095106 79.3459570149779
53.4286985695909 54.279057325761
54.964836555875 49.9236158514778
93.4981371746691 93.0791734014174
66.8430878223868 67.7686039454551
30.7990059875685 30.5224156667733
51.0468270887508 54.7224740701153
93.7044831614671 97.071586826049
38.534052130905 41.4636290949167
80.4135947553472 77.6720112600707
72.0717703601083 72.0500923546131
40.1285069988374 39.909429472523
42.8995181622967 40.1684885677087
10.3489010421267 10.1261758521992
93.0349189038728 93.1139580024615
84.4161714956247 84.9967518894756
79.3870729610637 78.5190347358066
62.4709685077757 61.9023223851495
30.8014547332879 27.6426263893341
42.970839918245 42.1709587115296
55.725399437183 53.1352273569931
27.3104673914223 26.4756699583927
96.4636349072312 94.0580552585523
75.8462608702847 73.3840113608788
52.854219331774 53.2133720263598
5.1561319847248 0.952721890318365
17.0650119605349 16.2773549439196
58.7487254661319 61.8357016077043
27.623876849935 33.9045505617538
45.6590855087585 45.3687295329128
4.91557030830797 0.427393563944634
38.4300178435803 39.8465595504865
56.2308525446329 53.3648117709224
6.25637771667871 1.11164169321537
36.619897356295 33.272437826963
53.5456917757035 52.024774896406
40.1027098061086 38.8607569082585
81.8234822854806 74.5005057638274
93.4977698403472 96.3628903913753
16.3956200894769 10.1845594002344
10.925415975557 13.1634790797153
26.0267833520598 27.046460361502
14.4945279527253 10.28507054004
91.2793479938341 93.6821241143051
60.4197597585459 61.0757602908841
33.8595631778947 35.4216689610418
60.541635299969 60.4714113389229
15.9314108569198 14.0851006732964
79.9263515290092 79.6713596107451
1.2786151616699 2.2197021401025
68.8917497770339 64.151525440558
56.4386145392437 55.8355360766416
1.22360333008213 0.182597802215241
54.3099230258538 57.1709724089778
18.3422245272488 18.1030593374156
0.925144929842162 2.51864363596378
78.4826226510526 76.7571328230149
36.932352261197 38.4432082110591
30.0521440848007 30.1691832725136
34.6442963174496 35.2015268379374
2.50852957621557 1.809587897367
43.8776754551613 42.5413992391038
53.9510855923606 56.4949188964419
25.6981891879201 28.5392952873059
15.9679985976203 21.2172674650653
4.09861946015374 2.25221458165382
86.8991077415944 89.086447686948
64.3955715340515 59.2606220880776
79.6220462871844 78.3859142383399
22.1836806178021 24.7303207530229
50.362606158248 55.3645721692254
83.2682291191745 82.2616199304475
22.1596807193723 20.1914528703674
30.7748497289215 32.4847312616029
94.1992204811637 91.6873707246323
37.3359535590491 44.1680256808968
39.988894429731 42.2230440817464
74.7313043445808 71.8602584916058
85.3341983163623 85.4625426834313
95.5663343112833 95.0804900541084
30.579150228072 27.9377531313819
75.3847050601809 74.3736569530395
29.0514226286526 34.607636813682
62.969773754551 62.5142799796882
23.6978551143284 25.8255127065042
20.0293895378364 18.9252482122314
19.6069027368268 14.9966606497739
16.2117856376015 13.5229618874906
46.8670579662227 41.6087679083827
39.2014164296264 42.6187558451128
93.1204930102833 91.7176007530091
85.6199289812739 81.9671436923965
25.5835162947389 30.2220529726866
45.5737509317355 45.2697330458277
7.0613855141434 10.8958311854235
73.6391925170035 74.8367923723437
86.9715982742148 84.0594576779852
27.5915637980458 22.5684939517266
97.2256262304001 97.9388958554089
72.0331696804233 74.3902589337936
92.181242159832 92.2407370192668
33.4347830572965 35.8634655952627
66.1070952981032 66.044181561656
50.1941621136224 48.4536188869689
73.9983435249408 74.5896756727905
43.4541560735694 46.2558662096131
45.10920053521 43.0783506866295
79.9036954314353 80.3161374611449
8.75196194807903 8.37364053339622
62.4296908275154 58.1435968653222
63.3489312120509 64.1441903185487
25.1309349695085 23.5938420693829
68.7263400965884 70.3683967908829
60.86287636283 68.76313463625
50.5645074844131 53.6241506532906
8.80089870326206 9.79476064590819
92.8480002536004 89.3929000855015
55.7758518744493 55.4064132875619
50.7201311586102 51.5058183403207
74.7836207138436 73.7139035855392
76.1234067275228 76.2037350142635
3.64865772990742 4.58767207770114
17.5263194882106 14.9694210210544
98.191080770461 96.479247843239
81.743239570692 81.8315964242657
83.7534663923588 82.0255106329566
27.6477196694683 29.6283467175442
77.1687389057914 82.0716684472496
23.0516556666522 21.5030233087879
73.9454881676621 73.587099635617
12.7631860598883 13.4380922832701
31.2094637006481 34.5793855550189
81.2857264505785 80.6166230065567
39.4276753874636 39.6490209660287
63.6662100369851 64.7422011380348
85.3645484615032 88.0072107161941
98.8127932519487 98.9081102621404
43.7771932445373 44.9715922175199
64.521765903701 68.2252519916915
16.5080027575256 19.1312258892816
6.39199051687194 8.65668374459169
79.2767064368133 79.9871273488707
8.73107780693405 7.85959147883244
12.2764186856005 11.3860806468492
29.4342959508246 32.1031328401932
36.8554843913041 35.5528880628298
14.1997604069122 15.2747972379276
70.2996428184105 72.4817910167413
66.5652074462891 64.4438708554035
8.54585968007871 5.72588475896773
10.2620350592487 8.20086154766465
48.2637778384033 51.0090170946491
32.5770782023309 29.8440884957908
20.4579274925926 16.8642784363626
32.5073534948925 37.3699486191397
79.8438734779643 73.3515822878753
37.394616910552 41.0804506212307
60.826881535753 57.761802504492
35.6863809699591 38.4950615898629
33.7922655544051 32.0588443664543
49.2880770732216 49.9087949106264
47.7783786919854 45.7163545331843
48.7295447131703 50.9859615421509
7.20508972847419 14.6623418545216
3.46865672330984 6.75140413785625
45.4266924583544 43.4739559080204
32.7966685295796 31.7559296400966
45.3134799602718 40.8191833495036
73.3349803790649 72.8137283772708
81.706781401123 86.6944674965902
58.8714992169253 51.0469939620655
92.7109528424148 87.2406833614485
94.2835816815458 95.879912802824
0.166485072286129 3.25219690934411
55.3013040825652 56.6664921692451
67.5114949567285 63.4879555360313
42.1065950791997 40.4033840347911
33.8948682456178 34.2694523391781
34.6424356687717 29.9539163585083
86.231006490589 87.2848860160021
50.237882354193 50.8371092887545
68.946788694823 72.3718251806592
80.5456292083039 84.4367858616472
79.3519781268309 80.3191229939451
5.32211661757204 0.806534785424354
38.1949494848838 36.0911143951301
52.6331307095295 50.5824197423188
55.4452276907362 57.7045269815339
65.5775741254315 62.7200370668872
80.9040103048589 84.3314924478624
10.5438284584817 11.1565955961701
88.0776662647347 82.9501974196017
58.1789580312279 53.8362376802269
37.8335344625278 35.638212337762
1.66167084876441 5.64711880892527
91.2022005001684 97.4701259816597
83.0070947063012 84.1335621722555
85.7229531849958 84.7854216199776
27.6139912326631 27.0150569085306
10.3071729087362 10.032004078198
81.3612980446547 80.3933723547921
4.8017614275736 3.37365769162648
59.9119423254387 62.6942705971995
42.9607566853955 41.5160651152187
37.3070545288402 39.8980628964961
69.5077729629096 66.0590345870737
59.567628217697 65.2325300516112
64.9270306888149 59.2119069935651
21.8266771599048 21.7808251376275
42.3250909172732 43.4986541127744
13.6818909834814 17.8520531658604
16.0913425124658 12.7433576331947
23.7507960545282 21.03982658823
44.8570099503351 41.8917221304236
11.7564320536403 8.61852979906749
87.7531352710282 92.0207442899265
68.1845696564282 67.353053545636
75.7404019931674 78.7439574433889
38.0156169288049 38.7187171810856
62.3566206720322 60.9721752417839
73.0522427325034 71.1868884305154
37.0961954832318 32.0358214884927
4.11250100982399 7.63253959911506
98.4619873795977 95.5707208454167
82.3175379354694 79.3013503539782
99.2564712983846 98.1509419943845
33.8871634072063 30.1569547161405
71.6503839214459 72.5560808720167
72.2422196706974 78.4530706048816
94.4491428034287 91.8300997069646
28.803982730246 21.5863566139304
83.4747785913179 85.1670292099334
36.6220124322271 39.306144208657
71.4491000539586 71.9164967921364
11.753428670449 9.19232283423631
34.3209372641714 36.0887498995219
47.888802154118 47.0497460631574
63.4142740355063 67.3492318926494
98.1476385056426 96.1688304383126
84.6697542832782 83.6198457365262
23.2029452437976 20.1655109338382
79.1393991369807 83.5323977582625
64.7476021310798 68.8721194655392
51.8592116422465 50.5633844714585
41.8641027360717 38.1850309758194
64.2584924343902 63.3344509714758
39.9703332092056 44.6357899500143
67.7821062488149 66.4016984722125
69.5780565756933 74.3145145499692
83.2644748933366 85.7612229301829
49.6321125905995 51.0768106379197
32.7188895494443 26.0003398270135
37.6396213073714 40.2365448836019
69.8462349599561 68.672936436853
33.4815553008941 39.2274464421124
7.60089150936718 10.1522715771912
9.95248730926152 12.5743272373276
49.2857530190991 48.1075860023793
13.9946551487405 15.7178915829213
71.0352528934031 71.9126320577021
62.5605079225543 64.4401871640848
41.9952541418301 40.8529977109048
20.5785465311912 20.7257648745575
76.336667568201 83.082994948266
62.3098334430938 66.1918591732343
48.3830901721794 47.2442232898186
7.36799887091883 13.0116863275306
34.3387552220851 32.7786348924565
28.8650316744129 29.5390684290032
38.2565963203 43.6083328961602
43.0208457313346 44.0984247306037
87.4231860824773 87.8135886978072
63.0915511902344 59.4242611296839
72.4060662920707 75.8854872833159
38.977438217576 39.2516351909036
4.10906108565212 4.14439072578769
82.0070319446036 80.5887872737918
59.5343288827614 59.4753856153401
7.89055059482948 8.13260340303761
74.1450602113512 76.0367550474347
13.5256345628872 15.2717572950165
41.9654909721553 42.6635920126145
62.504485576703 62.2611852528642
33.3956499815878 34.1280740613928
96.6012807007473 94.6082624330915
69.6464783487785 71.6254931810583
87.9389146656142 83.4943757776883
37.6044590706446 35.9680357778604
34.1748556794691 35.1364283713155
28.1833666287973 22.919228417079
95.8282725342392 96.3409094860243
71.2161272803208 72.4774200515216
54.2136852030235 52.2954408630294
20.5626868625037 16.9939461512737
84.41275804564 80.9920850558232
90.00031795517 94.2495298170685
16.1459982178498 11.8633624717644
5.48038182676049 4.87488565772622
15.5691223247005 15.4684896810274
30.2347361309783 34.0479993727382
0.000734706832510312 1.45304737271847
30.0484413286796 29.4062902193285
12.7112655088871 12.9710725299967
59.7790574731515 60.2390063182724
28.0813017874657 27.5414720154754
84.3733652900502 88.9857482977388
51.8861580534402 53.6832532001305
45.8142401006731 44.3798244426919
66.3526806204738 65.1719831823539
91.0675020291739 94.0158109293483
65.5567929615152 68.5723606735193
45.9617411870719 46.2343376210156
87.5912897631389 82.9596913607731
61.0776849613585 64.5060990059662
36.1452544551303 38.6796147923582
85.2388981039317 80.7578654852022
71.6614386713663 71.2632456799757
27.3735256004607 32.0806134638341
90.5921850799338 93.5978923650313
74.621395026688 71.6713667213341
91.8767534284805 95.3224013162412
39.1870200065078 40.6049946734039
14.5659975646666 15.2888909020463
72.2613119246409 67.7412539024472
18.70259342135 19.3704525351817
96.8480333454445 96.1526863458961
41.5414200731712 45.2217842704211
51.4263972962686 45.0435800511354
66.4164826497871 68.3407604061291
70.7784095892361 67.6926394346998
3.54406031026706 3.70699123479726
43.5667453957081 40.4881153767594
27.6331466447874 26.9849330900594
65.2848394242262 67.4910354263211
39.5751037500954 37.5846260027543
76.6884323541627 76.4384476632161
64.6031203396208 64.6737822042521
55.2518983487385 49.7037867606311
69.0474494901195 70.858198308831
37.8831844199399 38.7620313510478
24.1714549365003 20.4568636849883
47.4519318116772 49.5184173749686
82.2517722817714 85.1174686616251
2.44494017486985 7.23861300289769
67.3367384803497 63.5875225829144
48.5135279890537 44.9813684518406
7.3638172978288 9.62898540126968
82.6458243898186 84.6260494978922
85.9657189542527 87.991982145538
70.6880747556786 68.1643517857188
5.0650305635879 5.93634124599065
56.0961192043758 58.1407189437931
67.1652219354603 66.1613972328816
68.0918164228896 74.5432554856852
23.2994486319422 21.3912746812476
50.2835094381412 49.0646587985609
19.1928523750394 24.0172167447363
34.9408099395827 36.886824926176
22.4801401737146 24.9825368263684
6.90848108842075 11.1600474871225
42.306183747029 40.4338400369276
51.2574586740393 47.5657436974041
28.4208732738736 30.6252997471944
67.6393796628662 63.4387445102581
44.365924204678 45.0726322273512
37.7846242446646 39.5171951885754
90.7009611037094 91.5540671463201
9.19364386779161 4.45159763090187
4.91315919765008 2.00816405844466
19.6401024629938 19.6278325637492
9.16103131795085 10.2647496368189
50.5262009813655 53.4248279560611
20.9659399777396 22.1209259830314
31.5203570204303 35.225323625494
53.9233694130221 53.401741340847
45.3822315668717 42.3708970696104
64.4830441992714 68.5573893786819
46.1188020142641 49.303518022219
35.0197985690832 40.8534906018752
25.7057022239246 31.4383618713552
10.1965032588978 16.1667827766119
63.7224334436135 64.6842203847984
88.0176169106988 91.8782590715826
34.2568519080519 30.0882395034149
90.1980769013979 94.6230758098405
18.8324957785027 23.426083573745
61.1486191374338 61.2870444933298
55.404975887602 56.116641375328
94.6476306699867 96.6151412640442
58.6340675271605 58.3196606660241
37.597791127206 35.8991735223927
13.4379615954442 14.847732677231
9.87853866505802 10.1181354751208
67.6042778424676 71.8799615195142
58.4235276497235 54.4100086752811
85.4138762361055 83.9684813922627
56.2201270282988 58.0483319941459
38.040573758905 40.1967220645788
80.5027053089797 82.9420642932001
10.179685963384 12.7659712757105
86.7184304007783 83.5600688146075
87.8148302283897 81.3105574997267
85.4606207042198 88.0155978144327
78.9067985066972 78.0755555611844
14.5281370065416 12.291933896248
44.5186064898206 45.8316036872824
10.9021925393794 9.70352444085146
15.1781146108048 21.4273038462672
61.1256131917694 65.0715535668257
97.0971292016824 93.6844251602703
25.674994635768 31.5729660801775
42.5911361992249 45.8898184959537
98.640496112912 96.5896102092383
98.8344242560233 96.3254108459074
15.2834019404335 15.1955019522792
1.39492866439213 0.17722956607426
35.1047793206556 31.5364006652078
29.708871942282 32.1613521287526
87.831692714384 87.4652639941424
97.9581349767859 95.1274433641265
20.1073384242772 20.2060940056414
25.1851822012466 26.1654794691127
95.9837088396361 93.3546526824109
23.9738241783944 21.6431441021312
85.54940605443 85.307044905981
77.9879623841654 69.4537762531797
19.5515857411583 18.3669158884741
89.313853404124 85.3506035652847
62.0473831511701 61.7758863309199
21.8489000045966 23.0242317325276
98.7121859482071 99.9796988511061
50.715247061983 58.2149155201407
81.1886270760341 81.0485082614747
25.6459530271128 25.1617243341529
81.8913397254129 82.723856413644
72.8774010202038 73.1304963861157
62.665042576897 61.2944333494388
7.0618151007836 5.31289273254387
13.228018061435 14.9835634295263
98.4484753885669 96.0641596805741
9.8343824882711 14.5211961356143
81.0137394913065 79.3174559568782
21.9372143674509 19.2218580149178
2.15957343170163 4.00581649875021
41.3216002321167 42.2220181571083
93.0922168814068 92.5644868919076
39.0963796386133 36.017019915422
35.4144228926097 39.1973152114976
52.3212749819257 56.1142428787953
13.3695593801041 13.473969323821
75.2167703124021 77.8783578935886
38.3539853950986 37.4423002624896
71.6626998954362 74.1976642690008
12.4235562353143 13.6626702737307
69.6050716289632 70.9297021129976
8.09577154370243 3.2158860874289
40.8583741450654 37.8759243024577
11.2647546894823 8.44748663381388
33.2015455252264 26.9494702667485
81.0397441342049 82.2719403263679
26.8636291037081 27.8321771526503
17.5771194211155 17.8271819052903
26.3694961322058 20.9243856978732
8.76918181706279 7.2616687338791
52.5849021733608 53.7567920973655
36.1141996046463 33.8447120580036
96.8628309175447 98.0946899511846
40.1547645181778 39.3912002171458
66.5856703435382 66.8264761940398
31.9326558144343 32.8726073155834
52.7958082407894 54.9432052935584
7.15029112200784 1.93105075480234
73.6109263534812 72.8823741504472
5.41710787675679 2.79109899601032
71.419120315184 68.1722891333671
83.526995734169 82.0374127447256
91.5560491267247 94.4968944519799
75.8023622808143 75.4644043089526
82.2946402136137 90.0486294820608
66.017517614042 66.4354275584335
43.9220926185235 43.6596058775417
22.4860888189766 22.4946080705392
86.8117958654761 88.9811729821292
24.2182209118463 27.3234335686112
31.6000789767108 26.1389855790964
21.0841292083441 23.8754328361988
56.1493309137228 59.9266866284451
16.4195816092187 13.8646963480307
58.9053049164232 55.9310313527695
17.5068756692991 19.9405850716676
22.9742698630306 21.3384003950696
50.4891909374801 50.5009587529107
82.0321381903439 79.605137953355
16.7642068729419 17.4421859620195
82.7621014387732 85.7536738522467
8.35172358552325 8.52932131203136
71.5062758519344 74.8549743546562
82.5975426123934 85.3791712493783
53.2249112529868 54.4890226624184
11.2228984963686 11.1485921992323
90.6723306728722 89.6276129571935
73.8726037864461 76.4709190977204
56.696924385294 54.897636268116
28.9503431591316 31.3375599121297
51.9838944256266 50.3469421669599
55.7138333950633 59.8732171616061
58.5330441691219 59.6293327973954
71.5160883845159 76.2020337627613
24.9592513246288 24.6650937004056
1.83436536210659 4.76337213509363
72.8777715248759 73.7494383576465
48.8368934079499 50.9186354486801
60.2267327084021 54.590517356327
12.2407650087572 11.9901592654036
8.09822952300999 11.3038119655624
16.1570655890123 11.3112517981983
85.6708029217457 87.4561057634541
22.4571798334886 22.7841571952069
95.4178098546281 97.228794531231
54.0599155662549 51.1178326584155
54.9333633111276 57.9625849548321
10.2049759392761 14.0243597194078
69.9673068963205 67.7206398109349
24.2019711163122 27.536028024082
48.247197406033 33.9421090648941
45.0205610272661 9.4294572147618
49.0366398495337 44.3030077483305
49.1601067966161 41.215079215408
55.4730291343044 98.2807432434867
52.4951159130664 73.7008771229566
49.6151010568293 49.4061020878249
48.0284797726711 32.2187133671742
46.7722834482784 23.560108922915
47.5147864373434 29.1209230417373
53.4922633073472 79.7289846896536
46.9083667327272 22.4435329655242
51.057873481086 63.2350239173566
49.4956980017207 47.0872989721364
47.9817814534281 32.4488335261319
52.768447145715 70.3476024528713
50.3568091677244 53.0454582272498
47.1081090582421 26.6872045161249
51.8630354105619 65.4281568281161
49.2296330031229 46.2891664939306
46.2405922067196 16.8290397768238
50.7100590565475 56.1245279560656
47.3583211130504 33.0601081136197
46.2636407095365 18.7129110587698
47.2396527051475 32.5021797662587
51.882401235294 66.6037253194749
44.9569153196773 12.7155720817598
45.9250969101019 14.1810205862525
48.4115766720148 37.1441486655227
48.7561891193635 38.0729129468372
49.0212335114123 42.2982186035176
45.2789394463729 11.439294293249
47.554225985269 31.6875054398054
49.9873353892484 46.5363069328328
53.8079502642951 78.9401634214317
44.9734974011074 8.85548165758503
51.0582335347369 64.376433079745
53.1279669960804 75.7090790549511
53.0218480508396 72.7446364129653
50.8389480488231 57.1530963433941
51.7730678938207 69.6492029000665
49.9339522806809 47.3583219485421
47.6875623791295 21.834759705393
44.6961312887863 6.86295355525655
54.7264370810179 88.2469386657046
46.724698088042 19.420428999527
50.2402147939334 55.5518022001313
54.0555273982187 83.1394983303154
46.1496911088514 18.209697270512
53.0525249865309 80.9356573655333
51.9178491136966 70.2893032854716
45.6910331305242 11.74321341757
48.2939628704903 34.6336928863156
51.1156643507072 65.1058742729514
52.919249174947 79.5853102204501
52.3553642967563 67.2231111774742
54.2876078885223 86.3822269744997
55.5440576681486 98.9701036025332
47.9387147498949 31.8953347409963
52.7092594611656 66.6407332259974
47.3409555189982 18.1737383440672
47.2722360026827 23.6405675507304
51.795850152551 67.9424460111751
48.7066765951478 40.8677367903082
49.5434362690303 46.0195606242958
47.3647113691243 24.9532598783758
48.0968299344842 29.7974023863453
51.2312596927098 67.2695192358391
47.0205783651437 31.696864622473
48.5168704916464 35.4499314355054
48.8013138298687 37.3991303935666
52.6322620368894 73.770116140601
52.2739880729796 62.4688819793074
55.4921289041542 95.3805398915041
45.2171416692358 6.17321403028287
49.7055494208916 47.2757145667284
53.8358570708804 87.5683011230743
47.3726072918309 22.8071696538613
49.2264826631439 45.829011247256
51.9359782745073 65.2315558099072
53.0015749420731 81.6356948360559
45.2174723956327 7.48302732135633
52.4878384420182 67.6802697461247
47.1363250568423 21.2639704433761
46.7471769834272 19.4409611308717
48.522354287043 37.7394059584305
54.2050603576535 85.2639956399202
48.7555078968885 42.9328024043489
50.6682028180481 56.1510860276814
47.9496658720205 28.3661854662107
48.0019495906184 30.2904440737668
45.2004581782407 7.40721692812323
47.4718863702518 29.3082359651278
53.3742169601249 76.6635404401507
50.9969790674011 56.646514113896
48.3090671699691 36.3609942564293
45.3378835492237 15.4880924926598
50.5055897200072 50.2277834275487
51.6070857111573 66.0429280284834
48.6006868004293 40.275576199085
45.2489080473434 6.49163723051821
49.4337958147826 47.3759093252274
47.1570296464949 24.1993686217767
52.1412150926458 68.1774821692754
49.4590705727885 49.7026470551557
51.4148340071243 70.5081565793886
45.9074189155191 11.3805143124213
54.2485388176536 82.4080455475792
52.4836238898592 67.6667974357445
48.0776099729572 31.6202495213645
48.3171912479417 35.5704794198851
51.784326812952 67.0152099650436
48.4007211959354 33.2799801080888
45.6733155145965 9.93522337069237
45.1098018859804 12.3747838786394
45.7506197382741 12.5308163382228
48.3587963549395 35.3979706469004
53.5477540255588 77.0992810835604
48.6406267869737 38.9450518306863
50.5891247092349 52.4440700474308
50.5097136678745 52.7053013519123
46.2326315366405 15.0746473342104
53.4147419537565 76.425770024358
47.7659890981394 32.4305215203781
47.8945476723716 32.7770112874567
47.7337848209993 30.8742741545191
47.8622513454289 33.7276417760291
56.1021090012276 99.9106678749659
47.9169177397913 34.246842602061
49.1764363165663 41.8413207285921
47.0776230834336 19.8929918639134
49.2309606909434 45.6469206954405
51.5723407300115 65.7802623856008
50.2200646868245 49.9759050919727
51.9820246461627 65.6047761450024
47.3344911065101 18.5376981694013
44.8776159551048 1.54832963065956
44.4867532862082 4.0557400328702
49.2483251934714 40.1770793361014
52.5439823593232 75.7320794116566
45.2218896460255 6.64767890377969
47.127437693207 28.9903518443208
51.0797863575424 57.5340598446753
54.9579397540133 97.7659690166066
52.1138125543025 71.1632953496231
54.1949483029504 89.89359575656
53.8830930577067 89.8501307696431
44.1010687890435 3.23646823488068
48.7024156983834 35.5521687564922
48.8622190889461 44.2494804536991
55.5941470309811 99.8740086905152
56.1131001125122 97.9750516599246
48.7895619825134 42.5075673599631
49.1296416525326 38.7849783765767
49.430499780375 45.870964571108
44.6517173979988 5.18197936568146
48.5200200402192 33.3696448875217
46.5870033857214 27.3181417021339
52.5063326807933 67.4621950355786
55.5896959047718 92.8926346615456
51.3520968287483 57.8832847115855
51.3590393779854 58.3402686234868
52.5520054220187 68.6990451297003
50.127142984561 54.2189753359861
54.4499357192808 87.989336378589
55.8739376062328 98.8278005493992
51.7112038136725 61.4556610776676
51.3008623001583 64.2308018296786
51.2193019243362 57.889578173856
46.1792396150448 10.3096986739017
49.9433305960469 44.9194090280639
47.8630874423497 31.047841723152
49.4563352196296 45.7944057119361
50.8321366570116 59.7905762385038
53.8607401493968 87.8947114925509
47.9719039059282 39.1325453407132
51.8702134221876 61.701874395163
53.0246928468241 73.2564417400078
52.0206571405643 73.6690761406588
46.8234853495332 21.254641548336
46.3501452005381 20.9125373118716
49.0698404768508 43.0112140290354
47.9183324747822 28.7942027584871
46.5368511271026 20.7688802042461
44.3037984040616 1.8094273257301
52.7113314417277 82.9012907487325
54.9765811468285 95.745546495082
50.9835446330025 59.3468573734325
47.9727740530075 27.5632537023826
54.5843615275604 87.6616648178432
51.5164224945573 60.0477204698855
51.9454790822506 67.9093411934744
47.9467467824654 34.4106451266314
53.4774530549374 80.2257664287703
48.5413906361526 36.2711698388235
47.0915325704724 30.1115407880463
53.5103712539686 84.9830238434569
46.7925969669515 22.2556892291747
54.1520687558566 90.711485503457
49.2398647068494 45.934020801686
48.170328432628 32.781181513307
53.0107460988323 78.6742856554271
49.9607606833644 49.4416315287716
50.2923045415587 53.4719794848262
48.522057931656 33.7914986168896
44.8431633327929 2.39559586545158
52.4303128927232 64.949967148678
48.2128525819462 35.1337818899408
53.3198830094476 78.3262628845382
44.79643723304 6.28824179174784
46.9497575194903 25.0747866623053
48.6855648845307 38.0992394018046
50.6374871823534 52.273165033204
46.2837437931341 22.3665798205516
44.6753011268414 5.11675057443166
54.4638840246757 94.5119149858344
49.8566683010397 49.9539042201971
53.2901462672675 79.8212200438286
50.4448283816651 55.7438576766058
51.0812942602706 54.2021514679762
48.7441640177481 42.937793089457
51.469117653223 62.8723531786166
45.7607017394671 13.8782895576838
48.9255212889076 43.5766584732203
55.6384874322387 98.546978505932
47.2605883802155 30.3184052381515
46.2814177198863 16.6528111648847
50.0730121844331 45.223077621449
51.3440139144834 58.4691125421396
51.6189222573424 64.3793874148715
52.9586557877083 71.8838335744139
44.3583623024236 0.674548992901833
49.9889271706134 55.590217267636
44.7313699512058 1.38480972273094
50.060336684459 49.4351014094621
55.3866132282417 98.4607229112027
46.6123636590785 23.8545235771687
51.6720804660346 65.1456807935039
51.2308930885743 61.7049575664825
51.1643392536773 61.9719375042826
46.0563063334169 16.5057867225011
45.9796342820443 17.6849482714342
44.7232230841394 8.21066411078728
54.3116701133232 85.6061298568019
54.4773713371676 90.3651621916546
50.7133770276057 56.8673874467231
53.2897117894807 75.8235767385648
48.3635547128577 35.7128332062357
53.7235494568041 83.1582087547969
52.2409462866357 72.0791585291495
46.7479598090899 24.457554990734
52.0099269647186 67.3848174325485
51.7662217281348 70.7775198358155
53.5230990783693 79.0104741288477
53.2477097482642 74.6421871772995
55.0145389232747 87.8838547994441
44.236200868133 3.2316855962969
46.2453802789795 23.2521991813805
52.6816137740379 73.1730740096186
47.5665436958094 30.1897011465617
47.2946767361201 28.2338825330041
51.9973435853498 66.5347167305697
51.7816416280791 66.3705323136017
52.998600692867 79.0048295740559
53.069095954042 75.1636578088728
55.9293677504725 98.6767415262117
45.6371201133653 12.2806771567012
53.9818793487467 82.2043022996607
51.0484609066729 65.953441044214
49.7601819725428 46.7154366470439
45.9832288190597 13.1631740962587
45.4193642623462 13.6273471744138
44.8859428505367 2.00662366665804
47.5799565322431 30.0868308757289
49.6222424953063 47.4589607477068
48.6174633833937 40.9267362125613
49.248035262763 47.5904372058886
55.3189516230487 96.1264138859776
45.7650932706806 7.71665042034251
49.2946212469217 43.168773868417
47.6423412386278 32.9536844345263
49.8948835666607 54.6462768135644
44.7331559685987 11.4991535497799
46.2427938800024 18.7522160841091
46.5603674502129 24.6938939862991
53.5542186300539 81.7928428870905
52.5452383498333 68.5874941668011
53.1462677403437 78.2313456449475
54.393015045359 87.7824971575569
55.3059290267049 99.3232815578774
55.8842049260101 99.1152581174511
45.0993877945676 8.24343512679363
50.6846053647326 57.8979592586412
52.5925981132025 77.3024734277014
46.1137875132184 16.5770336823712
47.7625282330505 27.3509160794391
55.471510892166 98.5609040709733
51.2514324415017 66.7081771590252
54.7820753075375 89.2351232850785
51.4095782848084 59.3838878579403
44.9189733582879 6.37105533046963
45.8805316849359 12.4939653025865
47.5803510729492 30.6357014726197
44.0581788615028 0.49051868420667
53.6063704091171 83.3028710994075
54.7882212625559 93.2340135528774
54.8516540409464 98.4850220457131
51.4707822372241 61.8231833976681
45.6140113601512 8.96061000918682
50.8178340628899 56.1806125894711
54.6319898394506 90.9250536458445
55.0803628332345 96.631764254791
51.9186270816865 66.6535566890044
50.6976179083083 61.7307867203141
48.7733142404765 35.4556394807403
50.8587577019737 55.7138433792073
45.3315578947809 10.8586828449061
51.9736731756362 64.7167740091423
44.5664689181243 1.99699473860331
46.7735564327756 23.5962382559684
51.2433574998047 59.7738073321258
49.6547866331811 42.7003150601724
52.1391249673627 67.1272870023051
52.8089039763089 76.4137334653166
52.2022776439691 60.3537273667005
49.5526030251775 46.5573999197009
45.1521411332127 7.07240026265497
54.9073834498655 91.8500068267114
54.2736325887812 89.0732119123154
51.6398078074867 66.1393077593137
47.5444779095376 22.9627567933089
44.659242377898 2.61810720014876
52.5088785861478 70.0217859253314
49.0031525006757 44.6532900299673
47.2228678368226 26.6863553879024
54.4003225290785 85.9897509549431
52.2020669108741 70.0848284383024
52.1442058319185 66.4335374872593
44.9238328819883 8.35841006317871
50.4062563390626 54.7670183052681
53.807581840303 82.5441440180524
47.6539026574775 28.7359512722824
49.5974945587147 47.7603649549029
50.9613719771135 54.4720476116684
48.0749853838236 29.3310360682078
52.090957260957 68.3625945295025
50.0105255827477 52.880706624499
54.0195346256498 88.3563195602605
51.7166435461954 64.5836003656493
45.2428280326712 4.67754835501096
50.08741658806 53.4936080618766
45.8300544120984 16.1396144371867
50.3341790764055 58.8499043453873
54.9641159672369 91.9075175907471
51.9020482264564 61.2815993372757
47.3408368784664 25.4271521130996
54.6565118177698 93.5177083193693
50.733126232055 55.0600282671428
51.2996975381893 55.900817546079
45.9737427548838 10.6061053223654
45.3704146589879 15.0002739603376
44.3559555213855 4.59328547527385
44.998177723269 5.841775234114
54.0070058169298 85.2906656334605
49.3509217598858 42.8192017748208
46.0990374858357 12.6048007675191
48.2012159908364 33.1444901183824
44.6881938169425 4.95670164618205
49.3268862297921 49.1278170487012
49.8869597854361 48.1604490292686
52.8968293865036 76.1703442936568
48.1759070065606 30.9969927280894
45.6086712601562 10.223812717746
54.3539301607375 94.4750633030897
44.3714032170713 3.85085318916764
50.6682670244508 55.3030638725602
47.4382141907431 32.4708657054862
54.590025001091 92.0592169517009
47.3084769805769 28.4940192868909
48.6395300841589 33.3251493473172
52.1139912417214 64.7150437675878
50.4828267607421 48.7289119085081
54.1583481974337 87.9189033889822
53.0753771819793 72.8958594721434
44.7049689301382 9.95278734488905
53.7114297599073 86.3141538568514
47.5385675323268 25.4097618026007
47.5946592697264 30.456265159992
54.1387386683885 83.787928695831
47.5422234443015 31.2114300923605
47.1995213488971 22.3911394088419
52.1633616918896 65.1613134671118
47.0670721025085 20.9504205235171
53.8401579064414 87.3518471469593
55.3412846808249 96.0939128074544
44.92368437631 9.61369285684819
49.6548716513937 47.4470043774355
46.3569659293769 14.6244256507814
55.7676453571129 99.8462200523894
51.4478874680964 65.8417223914868
44.820041179751 5.47720444338319
51.174832765724 59.8421804837988
56.1817623546902 99.6811021961112
48.0067381580925 35.1671479402025
47.1973853222314 23.6179418861835
45.4679855332455 6.04426204922794
45.0332702642848 2.34031459775722
52.9349718768351 74.3048309820505
44.6019619063513 5.93670628072331
55.9644361971265 96.5221729590208
48.8619641784371 35.8462275540061
51.0642602436523 57.6617414876897
52.0770856726963 67.9525682403521
50.8114503456524 57.440492216026
50.8224752347693 56.7717864450939
47.3271540769914 27.627511994521
45.7342098408696 12.0255686731171
55.1682880892349 94.4164107615186
51.3401933238205 60.5030381371094
46.9064922874385 26.3205821928373
50.9088153971689 59.0130129253977
44.2550292345648 10.6728217281748
50.5438740421529 49.4962297400814
47.3833524344195 32.7365559219081
46.8798691777477 24.594930708699
47.0977732033525 23.2912996532123
47.4819722710716 31.2445189631353
45.3971176681585 10.6998133973134
54.884277182331 89.6667071532043
52.9288404530159 75.4915998868676
46.6414839583937 19.9748364526383
50.0736429508925 53.7506247236949
48.9949479537482 43.429264146869
45.0398923785144 8.55001050063794
52.6370613488574 70.1924551168198
47.9815273199415 29.3910099349893
46.6174369483936 21.3494888417888
44.1119241394939 0.683026698679853
46.9497468053835 24.2527287738745
51.6545765565019 60.4349896981429
46.9797703804777 26.9454997287821
47.2209384074246 25.8640542801618
50.4501742139856 49.8939196324444
46.4742856988278 20.4387189482773
49.3527403465895 44.2318651215328
52.1904958912201 68.1427707542718
48.5189689291018 36.2942164387926
50.6192881520403 56.9290765139152
47.1532890784784 20.2249278367195
53.14704572178 78.6365780360109
48.1481280934518 30.4244722551833
48.1177520503276 37.7538909076984
53.7060520860996 80.5317376993585
48.6392944127636 34.2194708315806
45.3311753264986 6.43981623105991
50.7005331267144 57.4977267304271
50.79633742497 54.4349225661729
51.1440106925583 58.3099238856217
50.0727739248749 44.7553000237402
45.795522839001 15.3870761085758
48.9439381892829 42.867731404592
49.5396143704023 46.0979332736171
45.6950289117879 10.9689936686477
44.8187420820841 0.669531292221173
48.5044201868044 35.2525637798979
47.3565483467998 23.9655600240068
50.3691875492114 50.497636787362
46.2855859178407 18.4350864088651
48.5760036192521 34.6332583981147
51.0817376454408 59.4530987889113
50.6780901414704 59.7727697495416
51.213785389543 63.9143894661833
46.6299949778596 26.5982886570083
45.5900609372906 7.700922580099
52.4834182071946 73.3419636110998
50.4601569557108 59.2852842745142
51.574062206803 65.6031324644215
51.1502668420738 62.4078374902755
52.1779020936731 69.1163702882226
47.9722137167587 28.317381879352
46.1467991090955 18.1195864058186
46.7014954496246 15.490392349449
45.0397172667111 0.303198224216985
51.6177164345731 63.8046733585935
52.3504401871044 62.7039798411201
52.4302145448928 70.2460551816648
49.6820016529889 40.1726711295341
49.574445934129 44.8961259891055
48.3824607363291 35.4791194843208
51.7797834009312 63.5816585013685
47.2247546697996 23.0847394965581
50.4330126062244 56.3864226806114
53.0108008544501 75.2733462405479
53.5088771489015 78.8163089392478
50.3168161721928 52.1758812554938
56.138636218096 98.341312615009
52.205066343454 69.2225513344104
46.1593654565159 13.5696903749443
45.2360150708682 4.81279896622224
50.5677500731153 53.72074919267
50.5491882604364 50.3938199918108
55.1177454424681 93.5035573089729
54.2079408130211 92.3878512662871
47.0161847758864 32.1300502289635
53.7437837680808 84.1869511306315
49.1377437435261 46.6915739612616
44.1639925003521 1.4173566709196
49.2084352971149 41.1027286022349
48.8858229840857 43.4235195146434
46.9912686279159 22.5812361340759
46.5734032505813 17.0220050074431
45.3504747154643 8.07557559039562
49.1651250763621 42.9742212117023
50.1753150946563 49.4315781299603
51.3702799203635 64.4955650151976
46.9973272277009 25.8970316587453
45.0835135850324 9.34418500647257
47.7915586723434 30.5507270087642
44.9167506649254 6.01340465442987
50.02414971475 46.1710667260442
50.2055157248346 50.8006077724519
52.8094033616731 77.6141835413508
46.9570816646499 20.0800011470716
44.3788538594754 0.716643130999053
50.1476902929557 49.6895872173622
52.7997528753788 75.0896609434966
52.7435986331557 71.3012294431108
49.8496855129085 50.7769554667874
54.8232151962045 93.3468804032576
44.9888080895081 7.48434845529515
49.0394346801794 46.4316761581046
54.1695900936578 84.8845813174538
44.4617020055812 4.2095247449886
46.7455544236797 17.616233868665
49.5921021239868 45.2075158565687
54.8619778398476 89.8697151324236
49.9378544396341 52.2767352109754
47.7174670630068 36.2734079149522
49.9946087543952 50.7844222380419
46.2734479850071 14.2412853395621
51.7186624077111 64.0320201245554
54.5376768160054 88.2123074962087
49.1673590259368 41.5701131101145
54.5342512024735 90.7031361621408
46.4226914192984 17.7069688367387
48.1117436020503 34.259419465345
55.4948006860896 96.4234687053006
53.8056326128843 84.6168245053323
51.5174000057709 63.3078359559787
53.989324889547 88.2979917010246
45.7547964460535 12.0859401955589
53.4405964681255 78.4444220591703
49.9448451249972 48.6239004116669
33.6650554202882 75.1848416923269
75.4965945989474 79.4276062624805
66.0290524229995 78.1883101349637
30.4277416435146 74.457718683428
36.6716005748613 75.5527190451487
28.6201661115084 74.0845880046602
97.217711887273 81.9349463663277
98.1572847282199 81.777372137005
68.9797470815112 78.9955124949119
89.9385145256846 81.8543098975927
55.8751989560004 77.1320353480516
64.0644399639108 78.1214834428535
83.8127877325343 80.6474452492063
69.277485874982 79.4365448775624
86.9066618357876 81.3315787784234
28.0815281184588 74.0017984388483
67.3954438212177 78.5320759176442
23.2566669605143 73.609347621489
7.72385481734166 71.459087782646
77.174488251931 79.4194216867748
64.5050705696249 78.2540036331578
98.9456077935522 81.9617604710105
46.1955585018317 76.2571138282458
61.2199970487052 77.9219205754723
90.6375705090912 80.9192096522684
84.9928580161984 80.1934421890819
23.5267922420546 73.3344942869614
86.1911484956825 80.5852485056689
74.7830835183892 78.9754604729911
10.9930857605698 72.3772424862603
65.6632734785162 78.1415429814813
94.4342075776328 81.15791549124
71.965627767724 79.3758550894901
98.2687925652017 81.9288699578449
70.9855697798564 78.8619501732333
72.4077551053857 79.1660552511282
93.7263537527734 81.7391123429986
60.5384692774242 78.0963622817892
16.7469881207861 72.2588060035729
42.613717738516 75.405201537897
85.0859611948725 81.0500267702369
86.2699230215325 80.7023575905487
96.9380617690029 82.3079102980375
64.0914696607823 78.0087076817694
92.3953966522725 81.6806127581562
63.2904322422232 78.6254394371919
12.9395395313987 72.4420558121299
65.983742672937 78.6265775564328
61.8003552742081 77.5534659931196
74.3008551855122 80.41400013899
89.8862164828713 80.9712891314117
16.2364033393166 72.9865700962089
85.3868862542086 81.009478705068
49.5426176031055 76.5785465619113
40.0291416720943 75.3648898594098
92.3761739985237 80.0733739754727
17.6027163860992 73.3773828312847
13.0049731900148 72.1500534084242
69.879900115284 79.2797137053273
99.9857743103206 82.6874248659126
71.990071034942 79.02786287331
40.2450043320524 75.9937108298676
96.1010030837828 81.8623733154776
61.9016564950932 77.8382764771369
42.243737645322 75.5005974848097
70.3569453237976 78.9122244258629
94.0901399898213 81.927300295716
56.1335684962259 77.0316432418076
39.9001379078114 75.6732585448374
87.2390073756274 81.314074258135
14.0053545568567 72.8488214132319
33.9344970588637 75.1068559286777
51.416739714529 77.1144881315813
54.3897149204673 77.2000814390944
32.5779575710909 74.2203593878253
99.9728370944751 82.1503516627029
51.8326410216175 76.4774512792987
71.490853299853 78.6967693218898
54.2612388394478 77.2320793112562
74.1826604796488 79.5795196590431
30.7763906245391 74.3684165032699
35.776029669047 74.6967115160148
79.7446093996035 80.2292537077313
49.0531177804518 76.6767501776986
21.4887014635586 73.5385380812612
56.4327683591555 77.1400897081878
72.8617186987912 79.106184016624
70.9450719656884 78.7747227100714
68.3036297469112 78.3301856932763
78.65117022212 79.6833242483125
40.9242383297295 75.1626621438923
51.5610708404394 76.781815112731
57.7990407293755 77.819534175294
60.946377103675 77.9865963391
82.3109290957379 80.1311047772387
67.041058111032 78.0178760336518
58.3196629281849 77.1908917360784
72.0861242888956 78.5678659500102
63.0239921920118 77.9361207265965
36.9374481823754 75.0473991444284
90.9153569473518 81.5554707871065
63.7893141255077 78.8784892004492
87.3660322766548 81.1228486092228
74.1225864986563 78.7543564292449
99.326697574903 82.1747736740745
32.8095176182563 74.5531140753872
49.0121093486228 76.1283964265962
66.5473631543413 78.0157510820361
69.7135344021848 79.2625087977892
25.9863059228054 73.6788575790937
87.0297786271153 80.5166806333192
54.9431034653908 76.859094102844
1.55678919979212 70.9642829263127
86.1701578123836 80.0414609526403
98.7481528528269 82.102315210574
71.0413219648405 78.8354135018357
55.0398257040268 76.7615682037722
46.3006185907557 75.494450018799
17.0050875373745 72.3962763713902
57.5108434503977 77.3143991473969
96.1571647286306 81.2603950160567
50.2090392056052 76.609660185419
8.07036726859761 71.6285357767205
33.2177850653387 74.4391032997599
7.88444340870561 72.1031319324889
75.1257632876156 79.1837656183811
64.7877623692021 79.0938683317604
32.6162128286498 74.2812575642589
13.4188039535693 72.7906796051213
70.5300711371784 78.7684289905669
62.8431625394506 78.3090710805938
79.0947910789507 79.5775234418125
36.1006920307794 74.6801422467109
1.94349897049338 71.2150255582508
57.3034622256968 77.9300950803357
61.0716911453613 77.8107674218885
57.9303623664164 77.494177689648
61.6833834510624 77.2902777384205
66.82791650911 78.5015592402911
95.3161303799241 81.1174575943564
74.984966384461 79.6239768959405
58.7335601054904 77.286722105604
56.6004573511673 77.0703732289986
77.0516487381763 79.2458059559071
40.3923780110204 75.7683242081082
26.7944334605333 73.859465545039
29.9181848460258 74.4042723906381
67.7424510984932 78.511780131383
92.1453200543484 81.1635909025718
17.8510357188151 72.693696666426
31.6894762105301 74.3314067381005
69.0331044928371 78.7618785696291
20.81651894131 73.4693151881178
82.6347345557452 80.8469141270327
67.4846933865994 78.3407088958157
20.9789232004825 73.7550718403384
58.5686703174132 77.7579803506162
72.5398656072841 79.3602685237311
71.678233467896 78.9564613150141
26.7201060962644 74.4291453004327
53.4509166898889 76.9304675732575
0.736319756906482 71.3219237958916
79.8025323791117 79.7818797385362
51.5497645159862 77.7459980680805
83.2556766762889 80.2371287320668
84.3003544275451 80.7042072693197
69.3353763677415 78.9983305585461
70.4510821436317 79.1418906360472
60.470812481857 78.1468062143696
90.0969684795731 80.8500893864704
58.326899283077 77.5331265573261
38.8965894411949 75.1282926462466
94.159173909945 81.7883158443179
6.10183161363014 71.2929061851183
94.948324810032 81.5483433970568
80.7288866831002 80.0798605755748
42.6015941666388 75.6785184945838
78.2739438255738 79.3915475006524
73.7635896485143 79.38147712795
71.2625851906229 79.0124555124787
81.0024912415949 80.4284765627462
59.6353108733592 78.2817468134639
67.6119589591036 77.794085999385
58.0150003749566 77.5583920160785
88.3317832307832 80.49005631082
83.405494591009 80.428125820561
84.5097365154074 80.7374640074736
96.5639046716302 82.0008274922634
37.1007668622654 75.1699768840309
10.8029106085133 71.7979785088076
87.1196819574696 79.9349009541598
17.6692873647761 72.3817055049508
72.259522791078 79.2481485228398
80.3724587352584 80.1964277199111
33.4664090447793 74.7840504393332
51.8188845535072 77.111700383582
45.5729798305269 75.9107468996377
80.4631184501993 80.3264923257784
46.0411889027854 75.272062013769
58.6716822888364 77.6734510921498
97.9185008377303 82.0399581013599
93.8616094029475 81.1196170029592
61.8524810361062 77.4548887921511
8.74304121928147 72.1983379708422
37.1457316470619 75.0764665573947
65.745504332919 78.4014267231067
42.4269042241023 76.1010971960091
93.469480093475 81.3804948320967
83.5658720102144 80.5170820655725
78.4763759437149 80.0142692321707
20.8724738622296 73.2377267102631
84.9645154641809 80.9860263890454
79.3429821544102 79.6226983292503
56.8844129806703 78.0731313459103
38.677753711683 75.2441615045888
77.2253046222049 79.6064453884543
23.5441249205887 73.5224866858077
47.1052491287361 76.7853535332367
88.7668399488265 81.2277773642103
80.5544896953074 80.4950462088504
62.5335009320123 78.08169146936
92.2499039262693 81.6394676363234
22.753673143125 73.6308785911599
45.376758936883 76.8797205069658
71.3799813459121 78.7058144420017
66.7756644692773 78.5407211920291
32.7655356829193 74.5143284228409
96.6157605460529 81.7734972764758
60.4095861896505 78.0008555216265
35.571270775828 74.7868124275128
13.4647780476186 72.7321358918988
35.5741568986426 74.5937641891742
50.514600461446 76.5720184551836
57.7490903126418 77.5512612075206
38.1434615349156 75.0728073565112
35.4517904294231 74.4268650677999
2.67699454479717 71.1349643334277
83.0061181140925 79.9343457316747
32.4423366578266 74.7090277732443
50.5671695361062 76.3324576954815
56.5304900035873 77.4953473461248
37.0357281231124 74.2319404779916
99.027996204949 81.9465145915308
2.59873267115987 71.4079112291001
11.3601769419232 72.1773283080904
30.783347595425 74.3581233009364
33.1800934293769 75.2072426341018
59.675048561602 77.5530340125977
45.5540399992155 75.7273393663187
89.1041864870825 80.7601904338362
36.559020871805 74.3306240732121
73.9902067326556 79.8422117207576
11.7206023122545 72.1496959518945
97.5100654506359 81.8325414881365
79.8766799109724 79.7828851098078
67.0594471471935 78.3131386825831
68.054591115119 78.2322352753718
14.70020910604 73.0023834770613
23.7129391426186 73.8315534481327
80.6266615823118 80.0463042341813
72.6434479360722 79.0382889811951
0.385815345075954 71.2777151861127
65.9733217928646 78.6001641367635
23.6723626063592 73.5082127556824
39.692842684094 75.5904480480123
41.0941597016313 75.9836700487025
85.9953714821591 80.2086777149906
99.7191241909335 81.7883099485036
90.2933560267725 80.9616340673237
44.5673840645511 75.7435776262828
79.4669754355135 79.7289089897002
9.09492207498606 71.3290382802349
90.3278924167555 81.3132148143885
37.3640874430517 74.6359571615044
35.185470966485 75.1611663512305
27.1127842557776 73.930871894792
96.7986363919016 82.0164203941027
18.4760232536073 72.9509047681777
60.8667475183141 78.3225818578854
51.9284113732828 76.7769469380603
65.853318558241 78.5576907939293
47.5122967670915 76.1229407856081
93.9034845485094 82.2471011528507
35.8911017238683 73.8723638816947
10.846870364095 71.4196734011111
43.9993884492882 75.9843393310621
12.3901999849334 72.3893334822457
1.98404429123192 71.2570872299351
29.5747354017714 74.3557262671615
84.4292169605909 80.672899713234
61.8463102708903 77.3275527477218
87.9940799829583 81.0671922277344
50.0446915966912 76.7278927617054
33.8537927315485 74.2833193563305
50.1015439534631 76.0969939220666
88.7410640768501 80.9632019434321
90.4017778024401 81.6168368315861
98.3632737913653 82.2926791263345
78.0098605945708 79.951250181017
56.434685307477 77.0828259143582
57.1265167439752 77.0021562715192
65.0318282288832 77.7836939431112
63.5151558347865 78.5813939050856
47.9814148092842 76.3532550653419
35.683512677465 74.5790793550614
36.6808836910533 75.8402481462984
54.2909420221948 77.4659295086457
52.0726870851928 76.8500246681309
75.1758825247394 79.7522295405118
87.8728232576568 80.8698127907587
54.107149620775 76.9037355442571
43.5257223072085 75.0314391286271
19.2955233376106 73.4664698208692
85.0279676563835 81.0854196789588
77.9821847670778 79.9155698798375
41.1008648480834 75.5640998789483
62.0289389475815 77.3945036209814
64.2797092463191 78.0354339397562
37.5550864854313 75.3482385424836
27.5624382318888 74.0910346624635
71.189171400022 78.8590046352893
50.0263319895292 76.915147422045
44.4990442454869 75.8853214416077
17.2287215442051 73.6229623808743
59.4877650600424 78.1408024522703
4.14127187725595 71.1582007014999
84.3195677488612 80.7212728402417
25.1010143006933 74.2155604325433
43.6975580286149 75.7756661544223
1.34697139228547 70.9691620405738
61.840249332129 77.9851762925573
63.3475194326978 78.84155974748
73.7117997635676 79.1076242383516
68.2948153786326 78.7605343282553
70.7687012549529 78.8049498257516
86.4195455555087 80.088290989674
17.1485473586366 73.3175573948762
94.2067080595425 81.1600386571461
39.5162794717024 74.8256770960608
60.6951898094046 77.6498423002821
97.596121302496 82.7272248406477
22.3132089709859 73.2758508889655
64.7859100438433 78.2670626426605
41.1501141498568 75.8189534497161
69.8041260123399 79.1591935919827
96.883141167115 82.1978758508838
24.0662992869207 73.4162413480628
88.2142038922696 81.5380154036528
31.0065384407699 74.4764862978428
61.4763639014407 77.8897330754723
35.9757308032537 74.976349009556
81.8303190731982 80.1004032033633
27.8012179859695 74.2355674340073
74.5125259980136 79.4633074581534
44.0380192177945 76.5651565344628
81.3031627353255 80.0353735973756
90.1807102281448 81.7416905194006
86.8959042648738 81.1252838435791
42.8294444034872 75.8381443408313
49.1601039567047 76.588375095388
47.6204807278878 76.4907796098239
72.02772078827 79.3563994201056
4.98188702101825 71.1527155262383
81.3672250533234 80.3958456356495
48.4863083792282 75.9891083998684
55.4488672384819 76.9514235200406
66.2873307304199 78.888755038336
74.5921500220387 79.1050584735729
70.5005895800239 79.4973781479083
89.5099286141464 80.987138911779
46.7571254858497 76.1998975245862
66.1467883076192 78.6788352862808
23.5084960272961 73.3694769358844
85.7134517047733 80.924527180287
84.8508861167858 80.5697618448274
25.9729487035518 73.9598373370799
63.5692648314584 78.0279705229718
99.0268281615544 82.1330935539037
97.3325909642004 82.2112744178737
8.94829079161624 71.5797093514046
14.6930675944548 71.6824558214352
59.2347065238188 77.2014778925962
85.0828225252745 80.8194934877719
94.1596150214521 81.9046260339933
39.2426129888126 75.8587694584766
42.2623510128117 76.0049372850013
11.7462031735038 72.5184035507763
48.0695558060001 76.6699681176539
84.8213862791451 80.740126250471
64.6787713628454 78.5923764916844
61.0996998578036 77.8687783700725
56.4683838493063 77.5540352040914
88.9237368857113 80.4776941939388
90.2136298380571 80.9116714396499
69.8883282075724 79.2799015183383
14.5769160544431 72.4422400161481
46.4326341146785 76.537563067287
73.339801229612 80.1635880852643
49.6738630653124 77.1734265088367
7.77996686011896 72.108251838462
62.0021351784428 77.4061017865785
8.77322568476553 72.2809149173839
74.955682001957 79.2342061431932
45.9053104715479 75.7283236550111
50.1994614252397 76.188281963592
83.6099541390003 80.8663136636987
41.482645014115 75.0268380985827
37.5774941951128 75.239885370789
84.4374675533086 80.3968685479409
55.8262466802757 77.3139476713386
4.97975759597985 71.8074831382513
57.396500567459 78.072333193472
93.717804293383 81.1812739321088
98.202235822754 82.0601155974892
30.9625418173391 74.2864419212651
92.8830252206478 81.8762769918721
26.4805666546954 74.5398446606381
53.5115606292719 77.0219963492868
49.750610406353 75.8790585214597
58.0754834939914 77.0487122972756
69.3209856322333 78.6627939570999
64.9630171329508 78.877424697376
9.02333236048011 72.1554561764126
44.3681769178627 75.9928762111333
93.7722812092341 81.9305055120902
21.7969308532967 73.6576093060788
90.5439975484919 81.3887398269485
94.5123575299573 81.1712040819739
11.9878474109014 71.3882990869359
61.1637808930738 78.1300903922186
47.9970157305804 76.8701527023996
29.1163542395517 73.6060494583939
79.7204692690948 80.4817700168607
82.8558445270611 80.1308717619943
27.0070242240797 74.0769892683038
46.3016828976386 76.0568901565911
65.8773091816896 77.9641401470643
26.0377658535624 73.8940426778747
39.736496185576 75.1524017880526
33.4384075721276 73.9225866289881
46.0647060244084 75.953162329298
86.8407973814799 79.7156506016323
89.8976943831394 80.6724013392694
57.8806952715213 77.0085446710142
41.1776762973388 75.4101906056384
56.9227805953706 77.5797812819741
93.2380645350791 81.553162669578
90.3390464611744 81.1547217466711
52.3605668504853 76.2468989407021
6.45593060863989 71.7076506937589
35.4992508346112 74.7087707542799
1.69970906223391 70.5163004224163
78.1513940044476 79.560821292512
60.5720581264942 77.712039601047
5.87374135807505 71.6410125178649
95.9434134558476 80.9776412667618
46.1441694228272 75.8819428566403
20.9732869924751 73.5907615780602
96.7497007824346 82.0776028174039
72.7027104869218 78.9171757391268
37.858872101928 75.5832313483533
93.1543473975995 81.6831246657063
13.3865233136849 72.3177958975231
58.989842071094 77.666330649999
77.0302229831622 79.7723047994158
61.6733645885621 77.5598847071855
14.3220998643975 72.6210449718589
59.6440399514647 77.8819046953959
